00101
00101
00101
00101
00101
00102
00102
00102
00102
00102
00103
00103
00103
00103
00103
00104
00104
00104
00104
00104
00105
00105
00105
00105
00105
00106
00106
00106
00106
00106
00107
00107
00107
00107
00107
00108
00108
00108
00108
00108
00109
00109
00109
00109
00109
00110
00110
00110
00110
00110
00111
00111
00111
00111
00111
00112
00112
00112
00112
00112
00113
00113
00113
00113
00113
00114
00114
00114
00114
00114
00115
00115
00115
00115
00115
00116
00116
00116
00116
00116
00117
00117
00117
00117
00117
00118
00118
00118
00118
00118
00119
00119
00119
00119
00119
00120
00120
00120
00120
00120
00121
00121
00121
00121
00121
00122
00122
00122
00122
00122
00123
00123
00123
00123
00123
00124
00124
00124
00124
00124
00125
00125
00125
00125
00125
00126
00126
00126
00126
00126
00127
00127
00127
00127
00127
00128
00128
00128
00128
00128
00129
00129
00129
00129
00129
00130
00130
00130
00130
00130
00131
00131
00131
00131
00131
00132
00132
00132
00132
00132
00133
00133
00133
00133
00133
00134
00134
00134
00134
00134
00135
00135
00135
00135
00135
00136
00136
00136
00136
00136
00137
00137
00137
00137
00137
00138
00138
00138
00138
00138
00139
00139
00139
00139
00139
00140
00140
00140
00140
00140
00141
00141
00141
00141
00141
00142
00142
00142
00142
00142
00143
00143
00143
00143
00143
00144
00144
00144
00144
00144
00145
00145
00145
00145
00145
00146
00146
00146
00146
00146
00147
00147
00147
00147
00147
00148
00148
00148
00148
00148
00149
00149
00149
00149
00149
00150
00150
00150
00150
00150
00151
00151
00151
00151
00151
00152
00152
00152
00152
00152
00153
00153
00153
00153
00153
00154
00154
00154
00154
00154
00155
00155
00155
00155
00155
00156
00156
00156
00156
00156
00157
00157
00157
00157
00157
00158
00158
00158
00158
00158
00159
00159
00159
00159
00159
00160
00160
00160
00160
00160
00161
00161
00161
00161
00161
00162
00162
00162
00162
00162
00163
00163
00163
00163
00163
00164
00164
00164
00164
00164
00165
00165
00165
00165
00165
00166
00166
00166
00166
00166
00167
00167
00167
00167
00167
00168
00168
00168
00168
00168
00169
00169
00169
00169
00169
00170
00170
00170
00170
00170
00171
00171
00171
00171
00171
00172
00172
00172
00172
00172
00173
00173
00173
00173
00173
00174
00174
00174
00174
00174
00175
00175
00175
00175
00175
00176
00176
00176
00176
00176
00177
00177
00177
00177
00177
00178
00178
00178
00178
00178
00179
00179
00179
00179
00179
00180
00180
00180
00180
00180
00181
00181
00181
00181
00181
00182
00182
00182
00182
00182
00183
00183
00183
00183
00183
00184
00184
00184
00184
00184
00185
00185
00185
00185
00185
00186
00186
00186
00186
00186
00187
00187
00187
00187
00187
00188
00188
00188
00188
00188
00189
00189
00189
00189
00189
00190
00190
00190
00190
00190
00191
00191
00191
00191
00191
00192
00192
00192
00192
00192
00193
00193
00193
00193
00193
00194
00194
00194
00194
00194
00195
00195
00195
00195
00195
00196
00196
00196
00196
00196
00197
00197
00197
00197
00197
00198
00198
00198
00198
00198
00199
00199
00199
00199
00199
00200
00200
00200
00200
00200
00201
00201
00201
00201
00201
00202
00202
00202
00202
00202
00203
00203
00203
00203
00203
00204
00204
00204
00204
00204
00205
00205
00205
00205
00205
00206
00206
00206
00206
00206
00207
00207
00207
00207
00207
00208
00208
00208
00208
00208
00209
00209
00209
00209
00209
00210
00210
00210
00210
00210
00211
00211
00211
00211
00211
00212
00212
00212
00212
00212
00213
00213
00213
00213
00213
00214
00214
00214
00214
00214
00215
00215
00215
00215
00215
00216
00216
00216
00216
00216
00217
00217
00217
00217
00217
00218
00218
00218
00218
00218
00219
00219
00219
00219
00219
00220
00220
00220
00220
00220
00221
00221
00221
00221
00221
00222
00222
00222
00222
00222
00223
00223
00223
00223
00223
00224
00224
00224
00224
00224
00225
00225
00225
00225
00225
00226
00226
00226
00226
00226
00227
00227
00227
00227
00227
00228
00228
00228
00228
00228
00229
00229
00229
00229
00229
00230
00230
00230
00230
00230
00231
00231
00231
00231
00231
00232
00232
00232
00232
00232
00233
00233
00233
00233
00233
00234
00234
00234
00234
00234
00235
00235
00235
00235
00235
00236
00236
00236
00236
00236
00237
00237
00237
00237
00237
00238
00238
00238
00238
00238
00239
00239
00239
00239
00239
00240
00240
00240
00240
00240
00241
00241
00241
00241
00241
00242
00242
00242
00242
00242
00243
00243
00243
00243
00243
00244
00244
00244
00244
00244
00245
00245
00245
00245
00245
00246
00246
00246
00246
00246
00247
00247
00247
00247
00247
00248
00248
00248
00248
00248
00249
00249
00249
00249
00249
00250
00250
00250
00250
00250
