09101
09101
09101
09101
09101
09102
09102
09102
09102
09102
09103
09103
09103
09103
09103
09104
09104
09104
09104
09104
09105
09105
09105
09105
09105
09106
09106
09106
09106
09106
09107
09107
09107
09107
09107
09108
09108
09108
09108
09108
09109
09109
09109
09109
09109
09110
09110
09110
09110
09110
09111
09111
09111
09111
09111
09112
09112
09112
09112
09112
09113
09113
09113
09113
09113
09114
09114
09114
09114
09114
09115
09115
09115
09115
09115
09116
09116
09116
09116
09116
09117
09117
09117
09117
09117
09118
09118
09118
09118
09118
09119
09119
09119
09119
09119
09120
09120
09120
09120
09120
09121
09121
09121
09121
09121
09122
09122
09122
09122
09122
09123
09123
09123
09123
09123
09124
09124
09124
09124
09124
09125
09125
09125
09125
09125
09126
09126
09126
09126
09126
09127
09127
09127
09127
09127
09128
09128
09128
09128
09128
09129
09129
09129
09129
09129
09130
09130
09130
09130
09130
09131
09131
09131
09131
09131
09132
09132
09132
09132
09132
09133
09133
09133
09133
09133
09134
09134
09134
09134
09134
09135
09135
09135
09135
09135
09136
09136
09136
09136
09136
09137
09137
09137
09137
09137
09138
09138
09138
09138
09138
09139
09139
09139
09139
09139
09140
09140
09140
09140
09140
09141
09141
09141
09141
09141
09142
09142
09142
09142
09142
09143
09143
09143
09143
09143
09144
09144
09144
09144
09144
09145
09145
09145
09145
09145
09146
09146
09146
09146
09146
09147
09147
09147
09147
09147
09148
09148
09148
09148
09148
09149
09149
09149
09149
09149
09150
09150
09150
09150
09150
09151
09151
09151
09151
09151
09152
09152
09152
09152
09152
09153
09153
09153
09153
09153
09154
09154
09154
09154
09154
09155
09155
09155
09155
09155
09156
09156
09156
09156
09156
09157
09157
09157
09157
09157
09158
09158
09158
09158
09158
09159
09159
09159
09159
09159
09160
09160
09160
09160
09160
09161
09161
09161
09161
09161
09162
09162
09162
09162
09162
09163
09163
09163
09163
09163
09164
09164
09164
09164
09164
09165
09165
09165
09165
09165
09166
09166
09166
09166
09166
09167
09167
09167
09167
09167
09168
09168
09168
09168
09168
09169
09169
09169
09169
09169
09170
09170
09170
09170
09170
09171
09171
09171
09171
09171
09172
09172
09172
09172
09172
09173
09173
09173
09173
09173
09174
09174
09174
09174
09174
09175
09175
09175
09175
09175
09176
09176
09176
09176
09176
09177
09177
09177
09177
09177
09178
09178
09178
09178
09178
09179
09179
09179
09179
09179
09180
09180
09180
09180
09180
09181
09181
09181
09181
09181
09182
09182
09182
09182
09182
09183
09183
09183
09183
09183
09184
09184
09184
09184
09184
09185
09185
09185
09185
09185
09186
09186
09186
09186
09186
09187
09187
09187
09187
09187
09188
09188
09188
09188
09188
09189
09189
09189
09189
09189
09190
09190
09190
09190
09190
09191
09191
09191
09191
09191
09192
09192
09192
09192
09192
09193
09193
09193
09193
09193
09194
09194
09194
09194
09194
09195
09195
09195
09195
09195
09196
09196
09196
09196
09196
09197
09197
09197
09197
09197
09198
09198
09198
09198
09198
09199
09199
09199
09199
09199
09200
09200
09200
09200
09200
09201
09201
09201
09201
09201
09202
09202
09202
09202
09202
09203
09203
09203
09203
09203
09204
09204
09204
09204
09204
09205
09205
09205
09205
09205
09206
09206
09206
09206
09206
09207
09207
09207
09207
09207
09208
09208
09208
09208
09208
09209
09209
09209
09209
09209
09210
09210
09210
09210
09210
09211
09211
09211
09211
09211
09212
09212
09212
09212
09212
09213
09213
09213
09213
09213
09214
09214
09214
09214
09214
09215
09215
09215
09215
09215
09216
09216
09216
09216
09216
09217
09217
09217
09217
09217
09218
09218
09218
09218
09218
09219
09219
09219
09219
09219
09220
09220
09220
09220
09220
09221
09221
09221
09221
09221
09222
09222
09222
09222
09222
09223
09223
09223
09223
09223
09224
09224
09224
09224
09224
09225
09225
09225
09225
09225
09226
09226
09226
09226
09226
09227
09227
09227
09227
09227
09228
09228
09228
09228
09228
09229
09229
09229
09229
09229
09230
09230
09230
09230
09230
09231
09231
09231
09231
09231
09232
09232
09232
09232
09232
09233
09233
09233
09233
09233
09234
09234
09234
09234
09234
09235
09235
09235
09235
09235
09236
09236
09236
09236
09236
09237
09237
09237
09237
09237
09238
09238
09238
09238
09238
09239
09239
09239
09239
09239
09240
09240
09240
09240
09240
09241
09241
09241
09241
09241
09242
09242
09242
09242
09242
09243
09243
09243
09243
09243
09244
09244
09244
09244
09244
09245
09245
09245
09245
09245
09246
09246
09246
09246
09246
09247
09247
09247
09247
09247
09248
09248
09248
09248
09248
09249
09249
09249
09249
09249
09250
09250
09250
09250
09250
