10101
10101
10101
10101
10101
10102
10102
10102
10102
10102
10103
10103
10103
10103
10103
10104
10104
10104
10104
10104
10105
10105
10105
10105
10105
10106
10106
10106
10106
10106
10107
10107
10107
10107
10107
10108
10108
10108
10108
10108
10109
10109
10109
10109
10109
10110
10110
10110
10110
10110
10111
10111
10111
10111
10111
10112
10112
10112
10112
10112
10113
10113
10113
10113
10113
10114
10114
10114
10114
10114
10115
10115
10115
10115
10115
10116
10116
10116
10116
10116
10117
10117
10117
10117
10117
10118
10118
10118
10118
10118
10119
10119
10119
10119
10119
10120
10120
10120
10120
10120
10121
10121
10121
10121
10121
10122
10122
10122
10122
10122
10123
10123
10123
10123
10123
10124
10124
10124
10124
10124
10125
10125
10125
10125
10125
10126
10126
10126
10126
10126
10127
10127
10127
10127
10127
10128
10128
10128
10128
10128
10129
10129
10129
10129
10129
10130
10130
10130
10130
10130
10131
10131
10131
10131
10131
10132
10132
10132
10132
10132
10133
10133
10133
10133
10133
10134
10134
10134
10134
10134
10135
10135
10135
10135
10135
10136
10136
10136
10136
10136
10137
10137
10137
10137
10137
10138
10138
10138
10138
10138
10139
10139
10139
10139
10139
10140
10140
10140
10140
10140
10141
10141
10141
10141
10141
10142
10142
10142
10142
10142
10143
10143
10143
10143
10143
10144
10144
10144
10144
10144
10145
10145
10145
10145
10145
10146
10146
10146
10146
10146
10147
10147
10147
10147
10147
10148
10148
10148
10148
10148
10149
10149
10149
10149
10149
10150
10150
10150
10150
10150
10151
10151
10151
10151
10151
10152
10152
10152
10152
10152
10153
10153
10153
10153
10153
10154
10154
10154
10154
10154
10155
10155
10155
10155
10155
10156
10156
10156
10156
10156
10157
10157
10157
10157
10157
10158
10158
10158
10158
10158
10159
10159
10159
10159
10159
10160
10160
10160
10160
10160
10161
10161
10161
10161
10161
10162
10162
10162
10162
10162
10163
10163
10163
10163
10163
10164
10164
10164
10164
10164
10165
10165
10165
10165
10165
10166
10166
10166
10166
10166
10167
10167
10167
10167
10167
10168
10168
10168
10168
10168
10169
10169
10169
10169
10169
10170
10170
10170
10170
10170
10171
10171
10171
10171
10171
10172
10172
10172
10172
10172
10173
10173
10173
10173
10173
10174
10174
10174
10174
10174
10175
10175
10175
10175
10175
10176
10176
10176
10176
10176
10177
10177
10177
10177
10177
10178
10178
10178
10178
10178
10179
10179
10179
10179
10179
10180
10180
10180
10180
10180
10181
10181
10181
10181
10181
10182
10182
10182
10182
10182
10183
10183
10183
10183
10183
10184
10184
10184
10184
10184
10185
10185
10185
10185
10185
10186
10186
10186
10186
10186
10187
10187
10187
10187
10187
10188
10188
10188
10188
10188
10189
10189
10189
10189
10189
10190
10190
10190
10190
10190
10191
10191
10191
10191
10191
10192
10192
10192
10192
10192
10193
10193
10193
10193
10193
10194
10194
10194
10194
10194
10195
10195
10195
10195
10195
10196
10196
10196
10196
10196
10197
10197
10197
10197
10197
10198
10198
10198
10198
10198
10199
10199
10199
10199
10199
10200
10200
10200
10200
10200
10201
10201
10201
10201
10201
10202
10202
10202
10202
10202
10203
10203
10203
10203
10203
10204
10204
10204
10204
10204
10205
10205
10205
10205
10205
10206
10206
10206
10206
10206
10207
10207
10207
10207
10207
10208
10208
10208
10208
10208
10209
10209
10209
10209
10209
10210
10210
10210
10210
10210
10211
10211
10211
10211
10211
10212
10212
10212
10212
10212
10213
10213
10213
10213
10213
10214
10214
10214
10214
10214
10215
10215
10215
10215
10215
10216
10216
10216
10216
10216
10217
10217
10217
10217
10217
10218
10218
10218
10218
10218
10219
10219
10219
10219
10219
10220
10220
10220
10220
10220
10221
10221
10221
10221
10221
10222
10222
10222
10222
10222
10223
10223
10223
10223
10223
10224
10224
10224
10224
10224
10225
10225
10225
10225
10225
10226
10226
10226
10226
10226
10227
10227
10227
10227
10227
10228
10228
10228
10228
10228
10229
10229
10229
10229
10229
10230
10230
10230
10230
10230
10231
10231
10231
10231
10231
10232
10232
10232
10232
10232
10233
10233
10233
10233
10233
10234
10234
10234
10234
10234
10235
10235
10235
10235
10235
10236
10236
10236
10236
10236
10237
10237
10237
10237
10237
10238
10238
10238
10238
10238
10239
10239
10239
10239
10239
10240
10240
10240
10240
10240
10241
10241
10241
10241
10241
10242
10242
10242
10242
10242
10243
10243
10243
10243
10243
10244
10244
10244
10244
10244
10245
10245
10245
10245
10245
10246
10246
10246
10246
10246
10247
10247
10247
10247
10247
10248
10248
10248
10248
10248
10249
10249
10249
10249
10249
10250
10250
10250
10250
10250
