14101
14101
14101
14101
14101
14102
14102
14102
14102
14102
14103
14103
14103
14103
14103
14104
14104
14104
14104
14104
14105
14105
14105
14105
14105
14106
14106
14106
14106
14106
14107
14107
14107
14107
14107
14108
14108
14108
14108
14108
14109
14109
14109
14109
14109
14110
14110
14110
14110
14110
14111
14111
14111
14111
14111
14112
14112
14112
14112
14112
14113
14113
14113
14113
14113
14114
14114
14114
14114
14114
14115
14115
14115
14115
14115
14116
14116
14116
14116
14116
14117
14117
14117
14117
14117
14118
14118
14118
14118
14118
14119
14119
14119
14119
14119
14120
14120
14120
14120
14120
14121
14121
14121
14121
14121
14122
14122
14122
14122
14122
14123
14123
14123
14123
14123
14124
14124
14124
14124
14124
14125
14125
14125
14125
14125
14126
14126
14126
14126
14126
14127
14127
14127
14127
14127
14128
14128
14128
14128
14128
14129
14129
14129
14129
14129
14130
14130
14130
14130
14130
14131
14131
14131
14131
14131
14132
14132
14132
14132
14132
14133
14133
14133
14133
14133
14134
14134
14134
14134
14134
14135
14135
14135
14135
14135
14136
14136
14136
14136
14136
14137
14137
14137
14137
14137
14138
14138
14138
14138
14138
14139
14139
14139
14139
14139
14140
14140
14140
14140
14140
14141
14141
14141
14141
14141
14142
14142
14142
14142
14142
14143
14143
14143
14143
14143
14144
14144
14144
14144
14144
14145
14145
14145
14145
14145
14146
14146
14146
14146
14146
14147
14147
14147
14147
14147
14148
14148
14148
14148
14148
14149
14149
14149
14149
14149
14150
14150
14150
14150
14150
14151
14151
14151
14151
14151
14152
14152
14152
14152
14152
14153
14153
14153
14153
14153
14154
14154
14154
14154
14154
14155
14155
14155
14155
14155
14156
14156
14156
14156
14156
14157
14157
14157
14157
14157
14158
14158
14158
14158
14158
14159
14159
14159
14159
14159
14160
14160
14160
14160
14160
14161
14161
14161
14161
14161
14162
14162
14162
14162
14162
14163
14163
14163
14163
14163
14164
14164
14164
14164
14164
14165
14165
14165
14165
14165
14166
14166
14166
14166
14166
14167
14167
14167
14167
14167
14168
14168
14168
14168
14168
14169
14169
14169
14169
14169
14170
14170
14170
14170
14170
14171
14171
14171
14171
14171
14172
14172
14172
14172
14172
14173
14173
14173
14173
14173
14174
14174
14174
14174
14174
14175
14175
14175
14175
14175
14176
14176
14176
14176
14176
14177
14177
14177
14177
14177
14178
14178
14178
14178
14178
14179
14179
14179
14179
14179
14180
14180
14180
14180
14180
14181
14181
14181
14181
14181
14182
14182
14182
14182
14182
14183
14183
14183
14183
14183
14184
14184
14184
14184
14184
14185
14185
14185
14185
14185
14186
14186
14186
14186
14186
14187
14187
14187
14187
14187
14188
14188
14188
14188
14188
14189
14189
14189
14189
14189
14190
14190
14190
14190
14190
14191
14191
14191
14191
14191
14192
14192
14192
14192
14192
14193
14193
14193
14193
14193
14194
14194
14194
14194
14194
14195
14195
14195
14195
14195
14196
14196
14196
14196
14196
14197
14197
14197
14197
14197
14198
14198
14198
14198
14198
14199
14199
14199
14199
14199
14200
14200
14200
14200
14200
14201
14201
14201
14201
14201
14202
14202
14202
14202
14202
14203
14203
14203
14203
14203
14204
14204
14204
14204
14204
14205
14205
14205
14205
14205
14206
14206
14206
14206
14206
14207
14207
14207
14207
14207
14208
14208
14208
14208
14208
14209
14209
14209
14209
14209
14210
14210
14210
14210
14210
14211
14211
14211
14211
14211
14212
14212
14212
14212
14212
14213
14213
14213
14213
14213
14214
14214
14214
14214
14214
14215
14215
14215
14215
14215
14216
14216
14216
14216
14216
14217
14217
14217
14217
14217
14218
14218
14218
14218
14218
14219
14219
14219
14219
14219
14220
14220
14220
14220
14220
14221
14221
14221
14221
14221
14222
14222
14222
14222
14222
14223
14223
14223
14223
14223
14224
14224
14224
14224
14224
14225
14225
14225
14225
14225
14226
14226
14226
14226
14226
14227
14227
14227
14227
14227
14228
14228
14228
14228
14228
14229
14229
14229
14229
14229
14230
14230
14230
14230
14230
14231
14231
14231
14231
14231
14232
14232
14232
14232
14232
14233
14233
14233
14233
14233
14234
14234
14234
14234
14234
14235
14235
14235
14235
14235
14236
14236
14236
14236
14236
14237
14237
14237
14237
14237
14238
14238
14238
14238
14238
14239
14239
14239
14239
14239
14240
14240
14240
14240
14240
14241
14241
14241
14241
14241
14242
14242
14242
14242
14242
14243
14243
14243
14243
14243
14244
14244
14244
14244
14244
14245
14245
14245
14245
14245
14246
14246
14246
14246
14246
14247
14247
14247
14247
14247
14248
14248
14248
14248
14248
14249
14249
14249
14249
14249
14250
14250
14250
14250
14250
